n = [78,25,90,63,55,47,64,52,19,55];
